Byte Frequency
0 0 0 0 0 0 0 0 0 0 1429 0 0 1278 0 0 0 0 0 0 0 0 0 0 0 0 0 0 0 0 0 0 1750 0 620 9 0 0 0 0 2 2 0 0 44 963 852 1153 849 1190 476 162 86 269 234 45 350 260 2328 18 760 301 760 104 0 326 105 678 159 330 67 62 304 404 34 78 132 223 434 259 938 35 90 511 718 231 56 147 9 35 0 0 0 0 0 23 0 1179 196 1433 718 3735 384 681 582 1229 15 82 850 869 3314 2730 1670 20 1932 2018 2668 820 422 184 424 530 28 0 0 0 0 0 0 0 0 0 0 0 0 0 0 0 0 0 0 0 0 0 0 0 0 0 0 0 0 0 0 0 0 0 0 0 0 0 0 0 0 0 0 0 0 0 0 0 0 0 0 0 0 0 0 0 0 0 0 0 0 0 0 0 0 0 0 0 0 0 0 0 0 0 0 0 0 0 0 0 0 0 0 0 0 0 0 0 0 0 0 0 0 0 0 0 0 0 0 0 0 0 0 0 0 0 0 0 0 0 0 0 0 0 0 0 0 0 0 0 0 0 0 0 0 0 0 0 0 0 0 0 0 0 
0 0 0 0 0 0 0 0 0 0 0.0278043 0 0 0.0248662 0 0 0 0 0 0 0 0 0 0 0 0 0 0 0 0 0 0 0.03405 0 0.0120634 0.000175114 0 0 0 0 3.89143e-05 3.89143e-05 0 0 0.000856114 0.0187372 0.0165775 0.0224341 0.0165191 0.023154 0.0092616 0.00315206 0.00167331 0.00523397 0.00455297 0.000875572 0.00681 0.00505886 0.0452962 0.000350229 0.0147874 0.0058566 0.0147874 0.00202354 0 0.00634303 0.002043 0.0131919 0.00309369 0.00642086 0.00130363 0.00120634 0.00591497 0.00786069 0.000661543 0.00151766 0.00256834 0.00433894 0.0084444 0.0050394 0.0182508 0.000681 0.00175114 0.0099426 0.0139702 0.0044946 0.0010896 0.0028602 0.000175114 0.000681 0 0 0 0 0 0.000447514 0 0.02294 0.0038136 0.0278821 0.0139702 0.0726724 0.00747154 0.0132503 0.0113241 0.0239128 0.000291857 0.00159549 0.0165386 0.0169083 0.064481 0.053118 0.0324934 0.000389143 0.0375912 0.0392645 0.0519117 0.0159549 0.00821092 0.00358011 0.00824983 0.0103123 0.0005448 0 0 0 0 0 0 0 0 0 0 0 0 0 0 0 0 0 0 0 0 0 0 0 0 0 0 0 0 0 0 0 0 0 0 0 0 0 0 0 0 0 0 0 0 0 0 0 0 0 0 0 0 0 0 0 0 0 0 0 0 0 0 0 0 0 0 0 0 0 0 0 0 0 0 0 0 0 0 0 0 0 0 0 0 0 0 0 0 0 0 0 0 0 0 0 0 0 0 0 0 0 0 0 0 0 0 0 0 0 0 0 0 0 0 0 0 0 0 0 0 0 0 0 0 0 0 0 0 0 0 0 0 0 
Size
0 2 2 20 4 2 1 1 0 0 2 0 0 1 0 0 0 0 0 17 0 0 0 0 0 34 0 0 0 0 0 0 0 0 0 0 0 9 0 8 0 0 0 0 0 0 0 0 0 0 0 0 0 9 8 0 0 0 0 3 6 0 3 0 0 0 0 0 0 0 0 0 0 0 0 0 0 0 0 0 0 0 0 0 0 0 0 0 0 0 0 0 0 3 0 0 0 0 0 0 0 0 0 0 0 0 0 3 16 0 0 0 0 0 0 0 0 0 0 0 0 0 0 0 0 3 0 0 0 0 0 0 0 0 0 0 0 0 0 0 0 0 3 0 18 0 0 0 0 0 0 0 0 0 0 0 0 0 0 0 0 0 0 0 0 0 0 0 0 0 0 0 0 0 0 0 0 0 0 0 0 0 0 0 0 0 0 0 0 0 0 0 0 0 0 0 0 0 0 0 0 0 0 0 0 0 0 0 0 0 0 0 0 0 0 0 0 0 0 0 0 0 0 0 3 0 0 0 0 0 0 0 1 0 0 0 0 0 0 0 0 0 0 0 0 0 0 0 0 0 0 0 0 0 0 0 0 0 0 0 0 0 0 0 0 0 0 0 0 0 0 0 0 0 0 0 0 0 0 0 0 0 0 0 0 0 0 0 0 0 0 0 0 0 0 0 0 0 0 0 
0 0.010989 0.010989 0.10989 0.021978 0.010989 0.00549451 0.00549451 0 0 0.010989 0 0 0.00549451 0 0 0 0 0 0.0934066 0 0 0 0 0 0.186813 0 0 0 0 0 0 0 0 0 0 0 0.0494505 0 0.043956 0 0 0 0 0 0 0 0 0 0 0 0 0 0.0494505 0.043956 0 0 0 0 0.0164835 0.032967 0 0.0164835 0 0 0 0 0 0 0 0 0 0 0 0 0 0 0 0 0 0 0 0 0 0 0 0 0 0 0 0 0 0 0.0164835 0 0 0 0 0 0 0 0 0 0 0 0 0 0.0164835 0.0879121 0 0 0 0 0 0 0 0 0 0 0 0 0 0 0 0 0.0164835 0 0 0 0 0 0 0 0 0 0 0 0 0 0 0 0 0.0164835 0 0.0989011 0 0 0 0 0 0 0 0 0 0 0 0 0 0 0 0 0 0 0 0 0 0 0 0 0 0 0 0 0 0 0 0 0 0 0 0 0 0 0 0 0 0 0 0 0 0 0 0 0 0 0 0 0 0 0 0 0 0 0 0 0 0 0 0 0 0 0 0 0 0 0 0 0 0 0 0 0 0 0 0.0164835 0 0 0 0 0 0 0 0.00549451 0 0 0 0 0 0 0 0 0 0 0 0 0 0 0 0 0 0 0 0 0 0 0 0 0 0 0 0 0 0 0 0 0 0 0 0 0 0 0 0 0 0 0 0 0 0 0 0 0 0 0 0 0 0 0 0 0 0 0 0 0 0 0 0 0 0 0 
Direction
87 95 
0.478022 0.521978 
Offset
0 182 0 182 0 182 0 182 0 182 0 182 0 182 0 182 0 182 0 182 1 181 1 181 1 181 1 181 1 181 1 181 0 182 0 182 0 182 9 173 21 161 18 164 21 161 18 164 0 182 20 162 21 161 21 161 21 161 21 161 21 161 21 161 19 163 19 163 19 163 19 163 20 162 22 160 28 154 28 154 20 162 22 160 27 155 27 155 28 154 28 154 28 154 28 154 2 180 3 179 6 176 14 168 26 156 26 156 27 155 27 155 2 180 24 158 25 157 25 157 27 155 27 155 27 155 27 155 18 164 18 164 18 164 18 164 25 157 25 157 30 152 30 152 23 159 26 156 27 155 27 155 30 152 30 152 30 152 30 152 10 172 8 174 13 169 12 170 27 155 27 155 27 155 27 155 9 173 26 156 26 156 26 156 30 152 30 152 30 152 30 152 24 158 25 157 25 157 26 156 45 137 46 136 46 136 46 136 23 159 30 152 47 135 47 135 51 131 50 132 51 131 50 132 21 161 18 164 22 160 20 162 46 136 46 136 46 136 46 136 12 170 31 151 32 150 32 150 52 130 77 105 77 105 77 105 0 
0 0.0078125 0 0.0078125 0 0.0078125 0 0.0078125 0 0.0078125 0 0.0078125 0 0.0078125 0 0.0078125 0 0.0078125 0 0.0078125 4.29258e-05 0.00776957 4.29258e-05 0.00776957 4.29258e-05 0.00776957 4.29258e-05 0.00776957 4.29258e-05 0.00776957 4.29258e-05 0.00776957 0 0.0078125 0 0.0078125 0 0.0078125 0.000386332 0.00742617 0.000901442 0.00691106 0.000772665 0.00703984 0.000901442 0.00691106 0.000772665 0.00703984 0 0.0078125 0.000858516 0.00695398 0.000901442 0.00691106 0.000901442 0.00691106 0.000901442 0.00691106 0.000901442 0.00691106 0.000901442 0.00691106 0.000901442 0.00691106 0.000815591 0.00699691 0.000815591 0.00699691 0.000815591 0.00699691 0.000815591 0.00699691 0.000858516 0.00695398 0.000944368 0.00686813 0.00120192 0.00661058 0.00120192 0.00661058 0.000858516 0.00695398 0.000944368 0.00686813 0.001159 0.0066535 0.001159 0.0066535 0.00120192 0.00661058 0.00120192 0.00661058 0.00120192 0.00661058 0.00120192 0.00661058 8.58516e-05 0.00772665 0.000128777 0.00768372 0.000257555 0.00755495 0.000600962 0.00721154 0.00111607 0.00669643 0.00111607 0.00669643 0.001159 0.0066535 0.001159 0.0066535 8.58516e-05 0.00772665 0.00103022 0.00678228 0.00107315 0.00673935 0.00107315 0.00673935 0.001159 0.0066535 0.001159 0.0066535 0.001159 0.0066535 0.001159 0.0066535 0.000772665 0.00703984 0.000772665 0.00703984 0.000772665 0.00703984 0.000772665 0.00703984 0.00107315 0.00673935 0.00107315 0.00673935 0.00128777 0.00652473 0.00128777 0.00652473 0.000987294 0.00682521 0.00111607 0.00669643 0.001159 0.0066535 0.001159 0.0066535 0.00128777 0.00652473 0.00128777 0.00652473 0.00128777 0.00652473 0.00128777 0.00652473 0.000429258 0.00738324 0.000343407 0.00746909 0.000558036 0.00725446 0.00051511 0.00729739 0.001159 0.0066535 0.001159 0.0066535 0.001159 0.0066535 0.001159 0.0066535 0.000386332 0.00742617 0.00111607 0.00669643 0.00111607 0.00669643 0.00111607 0.00669643 0.00128777 0.00652473 0.00128777 0.00652473 0.00128777 0.00652473 0.00128777 0.00652473 0.00103022 0.00678228 0.00107315 0.00673935 0.00107315 0.00673935 0.00111607 0.00669643 0.00193166 0.00588084 0.00197459 0.00583791 0.00197459 0.00583791 0.00197459 0.00583791 0.000987294 0.00682521 0.00128777 0.00652473 0.00201751 0.00579499 0.00201751 0.00579499 0.00218922 0.00562328 0.00214629 0.00566621 0.00218922 0.00562328 0.00214629 0.00566621 0.000901442 0.00691106 0.000772665 0.00703984 0.000944368 0.00686813 0.000858516 0.00695398 0.00197459 0.00583791 0.00197459 0.00583791 0.00197459 0.00583791 0.00197459 0.00583791 0.00051511 0.00729739 0.0013307 0.0064818 0.00137363 0.00643887 0.00137363 0.00643887 0.00223214 0.00558036 0.00330529 0.00450721 0.00330529 0.00450721 0.00330529 0.00450721 0 
