Byte Frequency
2183 1183 852 1081 904 794 870 1002 835 750 1485 809 908 1403 849 825 815 972 904 735 939 979 732 674 1048 1022 883 1020 989 945 948 885 2394 822 1101 1227 1206 814 837 848 960 876 1234 1226 1442 1358 1429 1593 1908 1846 1947 1223 1472 1384 1333 1132 1432 1369 1132 1176 1096 1217 1221 792 956 1249 1059 1126 1211 1297 1452 1215 1502 1411 1324 1287 1077 1194 1269 1116 1338 1239 1476 1195 1473 1226 1332 1136 1200 1279 1149 1002 1055 812 682 564 906 2143 1535 1854 1675 2570 1352 1558 1496 2135 1512 1266 1838 1632 1937 1719 1597 1506 1834 1757 2083 1226 1273 1076 1304 1035 1300 783 861 776 668 701 913 883 856 838 709 842 882 722 875 957 1255 740 1151 1114 1031 935 921 1171 1115 895 768 1048 1040 771 772 826 1142 630 1103 835 746 714 917 879 838 956 1032 1124 856 908 1124 1019 978 1012 916 1080 951 627 843 1095 929 873 800 1000 1044 905 954 979 736 685 648 807 660 580 798 777 693 875 993 966 1032 1012 943 1003 815 786 768 931 957 693 802 814 1199 879 1064 915 875 722 893 808 979 1029 932 634 839 744 743 824 1040 940 967 767 847 785 743 1000 872 727 706 856 653 733 677 820 701 672 864 781 766 658 900 673 724 655 659 655 666 678 
0.0081468 0.00441487 0.0031796 0.00403421 0.00337366 0.00296315 0.00324678 0.00373939 0.00311616 0.00279895 0.00554191 0.00301913 0.00338859 0.0052359 0.00316841 0.00307884 0.00304152 0.00362743 0.00337366 0.00274297 0.00350428 0.00365356 0.00273177 0.00251532 0.00391106 0.00381403 0.00329529 0.00380657 0.00369088 0.00352667 0.00353787 0.00330276 0.00893424 0.00306764 0.00410885 0.00457908 0.00450071 0.00303779 0.00312362 0.00316468 0.00358265 0.00326917 0.0046052 0.00457534 0.00538144 0.00506796 0.00533293 0.00594496 0.00712052 0.00688914 0.00726606 0.00456415 0.0054934 0.00516499 0.00497466 0.00422454 0.00534412 0.00510901 0.00422454 0.00438875 0.00409019 0.00454176 0.00455668 0.00295569 0.00356772 0.00466118 0.00395211 0.00420215 0.00451936 0.00484031 0.00541876 0.00453429 0.00560536 0.00526575 0.00494107 0.00480299 0.00401929 0.00445592 0.00473582 0.00416483 0.00499332 0.00462386 0.00550833 0.00445965 0.00549713 0.00457534 0.00497093 0.00423947 0.00447831 0.00477314 0.00428799 0.00373939 0.00393718 0.00303033 0.00254517 0.00210481 0.00338113 0.00799752 0.00572851 0.00691899 0.00625098 0.00959106 0.00504557 0.00581434 0.00558296 0.00796767 0.00564268 0.00472462 0.00685928 0.00609051 0.00722874 0.00641518 0.00595989 0.00562028 0.00684436 0.006557 0.00777361 0.00457534 0.00475074 0.00401555 0.00486643 0.00386255 0.00485151 0.0029221 0.00321319 0.00289598 0.00249293 0.00261608 0.00340725 0.00329529 0.00319453 0.00312736 0.00264594 0.00314228 0.00329156 0.00269445 0.00326544 0.00357146 0.00468357 0.00276163 0.00429545 0.00415737 0.00384762 0.00348935 0.00343711 0.00437009 0.0041611 0.00334008 0.00286612 0.00391106 0.00388121 0.00287732 0.00288105 0.00308257 0.00426186 0.00235111 0.00411632 0.00311616 0.00278402 0.0026646 0.00342218 0.00328036 0.00312736 0.00356772 0.00385135 0.00419469 0.00319453 0.00338859 0.00419469 0.00380283 0.00364983 0.00377671 0.00341845 0.00403048 0.00354906 0.00233992 0.00314602 0.00408646 0.00346696 0.00325797 0.00298554 0.00373193 0.00389613 0.00337739 0.00356026 0.00365356 0.0027467 0.00255637 0.00241829 0.00301167 0.00246307 0.00216452 0.00297808 0.00289971 0.00258623 0.00326544 0.0037058 0.00360504 0.00385135 0.00377671 0.00351921 0.00374312 0.00304152 0.0029333 0.00286612 0.00347443 0.00357146 0.00258623 0.00299301 0.00303779 0.00447458 0.00328036 0.00397077 0.00341471 0.00326544 0.00269445 0.00333261 0.0030154 0.00365356 0.00384015 0.00347816 0.00236604 0.00313109 0.00277655 0.00277282 0.00307511 0.00388121 0.00350801 0.00360877 0.00286239 0.00316094 0.00292956 0.00277282 0.00373193 0.00325424 0.00271311 0.00263474 0.00319453 0.00243695 0.0027355 0.00252652 0.00306018 0.00261608 0.00250786 0.00322439 0.00291464 0.00285866 0.00245561 0.00335874 0.00251159 0.00270192 0.00244441 0.00245934 0.00244441 0.00248546 0.00253025 
Size
0 0 0 8 0 0 0 0 0 0 0 0 0 0 0 0 1 0 0 0 0 0 0 0 0 0 0 0 0 0 0 0 0 0 0 0 0 0 0 0 0 0 0 0 1 0 0 0 0 0 0 0 0 0 0 0 0 0 0 0 0 0 0 0 0 0 0 0 0 0 0 0 0 0 0 0 0 0 0 0 0 0 0 0 0 0 1 1 0 0 0 0 0 0 0 1 0 1 0 0 0 0 0 0 0 0 0 0 0 0 0 0 1 0 2 0 0 1 0 1 2 0 1 0 1 0 2 1 0 0 0 0 0 0 0 0 0 0 1 0 0 0 0 0 0 0 0 0 0 0 0 0 0 0 1 0 0 0 0 0 0 0 0 0 0 0 0 0 0 0 0 0 0 0 0 0 0 0 0 0 0 0 0 0 0 0 0 0 0 0 0 0 0 0 0 0 0 0 0 0 0 0 0 0 0 0 0 0 0 1 0 0 0 0 0 0 0 0 0 0 0 0 0 0 0 0 0 0 0 0 0 4 0 0 0 0 0 0 0 0 0 0 4 0 0 0 0 0 0 0 0 0 0 1 0 0 0 0 0 0 0 0 0 0 0 0 0 0 0 0 0 0 0 0 0 0 0 0 1 0 0 0 0 0 0 0 0 0 0 0 0 0 167 0 0 0 0 0 0 0 
0 0 0 0.038835 0 0 0 0 0 0 0 0 0 0 0 0 0.00485437 0 0 0 0 0 0 0 0 0 0 0 0 0 0 0 0 0 0 0 0 0 0 0 0 0 0 0 0.00485437 0 0 0 0 0 0 0 0 0 0 0 0 0 0 0 0 0 0 0 0 0 0 0 0 0 0 0 0 0 0 0 0 0 0 0 0 0 0 0 0 0 0.00485437 0.00485437 0 0 0 0 0 0 0 0.00485437 0 0.00485437 0 0 0 0 0 0 0 0 0 0 0 0 0 0 0.00485437 0 0.00970874 0 0 0.00485437 0 0.00485437 0.00970874 0 0.00485437 0 0.00485437 0 0.00970874 0.00485437 0 0 0 0 0 0 0 0 0 0 0.00485437 0 0 0 0 0 0 0 0 0 0 0 0 0 0 0 0.00485437 0 0 0 0 0 0 0 0 0 0 0 0 0 0 0 0 0 0 0 0 0 0 0 0 0 0 0 0 0 0 0 0 0 0 0 0 0 0 0 0 0 0 0 0 0 0 0 0 0 0 0 0 0 0 0.00485437 0 0 0 0 0 0 0 0 0 0 0 0 0 0 0 0 0 0 0 0 0 0.0194175 0 0 0 0 0 0 0 0 0 0 0.0194175 0 0 0 0 0 0 0 0 0 0 0.00485437 0 0 0 0 0 0 0 0 0 0 0 0 0 0 0 0 0 0 0 0 0 0 0 0 0.00485437 0 0 0 0 0 0 0 0 0 0 0 0 0 0.81068 0 0 0 0 0 0 0 
Direction
178 28 
0.864078 0.135922 
Offset
1 205 1 205 3 203 1 205 2 204 1 205 0 206 0 206 1 205 0 206 2 204 2 204 2 204 0 206 1 205 5 201 3 203 1 205 3 203 3 203 10 196 8 198 8 198 9 197 1 205 9 197 11 195 9 197 9 197 8 198 9 197 9 197 7 199 8 198 7 199 7 199 7 199 6 200 10 196 8 198 6 200 7 199 7 199 6 200 8 198 7 199 9 197 10 196 6 200 3 203 9 197 6 200 10 196 8 198 8 198 8 198 3 203 8 198 6 200 6 200 9 197 10 196 10 196 8 198 4 202 7 199 6 200 4 202 7 199 9 197 9 197 10 196 5 201 7 199 11 195 6 200 13 193 8 198 9 197 9 197 1 205 3 203 4 202 4 202 10 196 9 197 9 197 8 198 4 202 8 198 10 196 8 198 11 195 9 197 8 198 9 197 5 201 5 201 4 202 7 199 10 196 9 197 7 199 9 197 3 203 6 200 6 200 5 201 7 199 7 199 7 199 8 198 3 203 4 202 4 202 2 204 8 198 8 198 8 198 8 198 4 202 7 199 5 201 4 202 7 199 8 198 8 198 7 199 0 
3.79248e-05 0.00777458 3.79248e-05 0.00777458 0.000113774 0.00769873 3.79248e-05 0.00777458 7.58495e-05 0.00773665 3.79248e-05 0.00777458 0 0.0078125 0 0.0078125 3.79248e-05 0.00777458 0 0.0078125 7.58495e-05 0.00773665 7.58495e-05 0.00773665 7.58495e-05 0.00773665 0 0.0078125 3.79248e-05 0.00777458 0.000189624 0.00762288 0.000113774 0.00769873 3.79248e-05 0.00777458 0.000113774 0.00769873 0.000113774 0.00769873 0.000379248 0.00743325 0.000303398 0.0075091 0.000303398 0.0075091 0.000341323 0.00747118 3.79248e-05 0.00777458 0.000341323 0.00747118 0.000417172 0.00739533 0.000341323 0.00747118 0.000341323 0.00747118 0.000303398 0.0075091 0.000341323 0.00747118 0.000341323 0.00747118 0.000265473 0.00754703 0.000303398 0.0075091 0.000265473 0.00754703 0.000265473 0.00754703 0.000265473 0.00754703 0.000227549 0.00758495 0.000379248 0.00743325 0.000303398 0.0075091 0.000227549 0.00758495 0.000265473 0.00754703 0.000265473 0.00754703 0.000227549 0.00758495 0.000303398 0.0075091 0.000265473 0.00754703 0.000341323 0.00747118 0.000379248 0.00743325 0.000227549 0.00758495 0.000113774 0.00769873 0.000341323 0.00747118 0.000227549 0.00758495 0.000379248 0.00743325 0.000303398 0.0075091 0.000303398 0.0075091 0.000303398 0.0075091 0.000113774 0.00769873 0.000303398 0.0075091 0.000227549 0.00758495 0.000227549 0.00758495 0.000341323 0.00747118 0.000379248 0.00743325 0.000379248 0.00743325 0.000303398 0.0075091 0.000151699 0.0076608 0.000265473 0.00754703 0.000227549 0.00758495 0.000151699 0.0076608 0.000265473 0.00754703 0.000341323 0.00747118 0.000341323 0.00747118 0.000379248 0.00743325 0.000189624 0.00762288 0.000265473 0.00754703 0.000417172 0.00739533 0.000227549 0.00758495 0.000493022 0.00731948 0.000303398 0.0075091 0.000341323 0.00747118 0.000341323 0.00747118 3.79248e-05 0.00777458 0.000113774 0.00769873 0.000151699 0.0076608 0.000151699 0.0076608 0.000379248 0.00743325 0.000341323 0.00747118 0.000341323 0.00747118 0.000303398 0.0075091 0.000151699 0.0076608 0.000303398 0.0075091 0.000379248 0.00743325 0.000303398 0.0075091 0.000417172 0.00739533 0.000341323 0.00747118 0.000303398 0.0075091 0.000341323 0.00747118 0.000189624 0.00762288 0.000189624 0.00762288 0.000151699 0.0076608 0.000265473 0.00754703 0.000379248 0.00743325 0.000341323 0.00747118 0.000265473 0.00754703 0.000341323 0.00747118 0.000113774 0.00769873 0.000227549 0.00758495 0.000227549 0.00758495 0.000189624 0.00762288 0.000265473 0.00754703 0.000265473 0.00754703 0.000265473 0.00754703 0.000303398 0.0075091 0.000113774 0.00769873 0.000151699 0.0076608 0.000151699 0.0076608 7.58495e-05 0.00773665 0.000303398 0.0075091 0.000303398 0.0075091 0.000303398 0.0075091 0.000303398 0.0075091 0.000151699 0.0076608 0.000265473 0.00754703 0.000189624 0.00762288 0.000151699 0.0076608 0.000265473 0.00754703 0.000303398 0.0075091 0.000303398 0.0075091 0.000265473 0.00754703 0 
