Byte Frequency
9491 716 325 168 156 74 202 47 118 35 118 22 51 60 26 41 86 61 25 39 12 45 17 7 70 27 19 18 12 32 124 50 159 65 6 49 17 33 17 79 23 29 19 71 28 81 74 20 287 170 64 51 8 21 25 60 37 33 12 27 35 9 21 34 118 150 102 53 92 160 90 53 35 23 32 108 52 180 116 120 151 63 35 285 166 89 104 36 68 6 29 21 54 15 3 7 50 12 31 55 29 72 21 57 15 104 3 37 37 28 121 56 46 14 56 41 54 44 34 21 53 28 7 9 9 8 12 28 77 29 165 7 38 31 10 27 24 4 27 7 14 10 4 6 2 10 20 15 9 10 15 12 40 6 6 13 16 7 3 6 84 38 42 22 8 12 12 32 10 29 11 14 10 18 20 13 3 6 57 14 11 7 5 13 10 4 8 5 5 9 9 17 37 3 6 29 12 4 7 16 33 6 59 5 27 5 3 6 11 5 49 9 9 10 3 11 2 9 4 6 5 11 3 16 8 11 27 31 11 4 12 6 8 7 30 10 32 5 14 6 5 15 11 11 16 7 12 4 7 37 14 21 16 15 139 171 
0.471298 0.0355547 0.0161386 0.00834244 0.00774655 0.00367464 0.0100308 0.0023339 0.00585957 0.00173801 0.00585957 0.00109246 0.00253253 0.00297944 0.00129109 0.00203595 0.00427053 0.0030291 0.00124143 0.00193664 0.000595888 0.00223458 0.000844175 0.000347602 0.00347602 0.00134075 0.00094349 0.000893833 0.000595888 0.00158904 0.00615751 0.00248287 0.00789552 0.00322773 0.000297944 0.00243321 0.000844175 0.00163869 0.000844175 0.00392293 0.00114212 0.00144006 0.00094349 0.00352567 0.00139041 0.00402225 0.00367464 0.000993147 0.0142517 0.00844175 0.00317807 0.00253253 0.000397259 0.0010428 0.00124143 0.00297944 0.00183732 0.00163869 0.000595888 0.00134075 0.00173801 0.000446916 0.0010428 0.00168835 0.00585957 0.0074486 0.00506505 0.00263184 0.00456848 0.00794518 0.00446916 0.00263184 0.00173801 0.00114212 0.00158904 0.005363 0.00258218 0.00893833 0.00576025 0.00595888 0.00749826 0.00312841 0.00173801 0.0141523 0.00824312 0.00441951 0.00516437 0.00178767 0.0033767 0.000297944 0.00144006 0.0010428 0.0026815 0.00074486 0.000148972 0.000347602 0.00248287 0.000595888 0.00153938 0.00273116 0.00144006 0.00357533 0.0010428 0.00283047 0.00074486 0.00516437 0.000148972 0.00183732 0.00183732 0.00139041 0.00600854 0.00278081 0.00228424 0.000695203 0.00278081 0.00203595 0.0026815 0.00218492 0.00168835 0.0010428 0.00263184 0.00139041 0.000347602 0.000446916 0.000446916 0.000397259 0.000595888 0.00139041 0.00382362 0.00144006 0.00819347 0.000347602 0.00188698 0.00153938 0.000496574 0.00134075 0.00119178 0.000198629 0.00134075 0.000347602 0.000695203 0.000496574 0.000198629 0.000297944 9.93147e-05 0.000496574 0.000993147 0.00074486 0.000446916 0.000496574 0.00074486 0.000595888 0.00198629 0.000297944 0.000297944 0.000645546 0.000794518 0.000347602 0.000148972 0.000297944 0.00417122 0.00188698 0.00208561 0.00109246 0.000397259 0.000595888 0.000595888 0.00158904 0.000496574 0.00144006 0.000546231 0.000695203 0.000496574 0.000893833 0.000993147 0.000645546 0.000148972 0.000297944 0.00283047 0.000695203 0.000546231 0.000347602 0.000248287 0.000645546 0.000496574 0.000198629 0.000397259 0.000248287 0.000248287 0.000446916 0.000446916 0.000844175 0.00183732 0.000148972 0.000297944 0.00144006 0.000595888 0.000198629 0.000347602 0.000794518 0.00163869 0.000297944 0.00292978 0.000248287 0.00134075 0.000248287 0.000148972 0.000297944 0.000546231 0.000248287 0.00243321 0.000446916 0.000446916 0.000496574 0.000148972 0.000546231 9.93147e-05 0.000446916 0.000198629 0.000297944 0.000248287 0.000546231 0.000148972 0.000794518 0.000397259 0.000546231 0.00134075 0.00153938 0.000546231 0.000198629 0.000595888 0.000297944 0.000397259 0.000347602 0.00148972 0.000496574 0.00158904 0.000248287 0.000695203 0.000297944 0.000248287 0.00074486 0.000546231 0.000546231 0.000794518 0.000347602 0.000595888 0.000198629 0.000347602 0.00183732 0.000695203 0.0010428 0.000794518 0.00074486 0.00690237 0.00849141 
Size
2 0 0 0 0 0 0 2 2 0 0 0 1 0 2 6 3 0 1 1 1 2 0 2 5 1 0 2 2 0 0 5 0 6 0 7 0 0 0 0 1 0 0 0 0 0 0 0 1 0 0 0 1 1 0 1 0 0 0 0 0 0 0 0 0 0 0 0 0 6 0 0 0 0 0 0 0 0 0 0 0 1 0 0 1 0 0 0 0 0 5 0 0 0 0 0 0 0 0 0 0 0 6 0 1 0 0 0 0 0 0 0 0 0 0 0 0 0 0 0 0 0 0 0 0 0 0 0 0 0 0 4 0 1 0 1 0 0 0 0 0 0 0 0 0 0 0 0 0 0 0 0 0 0 0 0 0 0 0 0 0 0 0 0 0 0 0 0 0 0 0 0 0 0 0 0 0 0 0 0 0 0 0 0 0 0 0 0 0 0 0 0 0 0 0 0 0 0 0 0 0 0 0 0 0 0 0 0 0 0 0 0 0 0 0 0 0 0 0 0 0 0 0 0 0 0 0 0 0 0 0 0 0 0 0 0 0 0 0 0 0 0 0 0 0 0 0 0 0 0 0 0 0 0 0 0 0 0 0 0 0 0 0 0 0 0 0 0 0 0 0 0 0 0 0 0 0 0 0 0 0 0 0 0 0 0 0 0 0 0 0 0 0 0 0 0 0 0 0 0 
0.0238095 0 0 0 0 0 0 0.0238095 0.0238095 0 0 0 0.0119048 0 0.0238095 0.0714286 0.0357143 0 0.0119048 0.0119048 0.0119048 0.0238095 0 0.0238095 0.0595238 0.0119048 0 0.0238095 0.0238095 0 0 0.0595238 0 0.0714286 0 0.0833333 0 0 0 0 0.0119048 0 0 0 0 0 0 0 0.0119048 0 0 0 0.0119048 0.0119048 0 0.0119048 0 0 0 0 0 0 0 0 0 0 0 0 0 0.0714286 0 0 0 0 0 0 0 0 0 0 0 0.0119048 0 0 0.0119048 0 0 0 0 0 0.0595238 0 0 0 0 0 0 0 0 0 0 0 0.0714286 0 0.0119048 0 0 0 0 0 0 0 0 0 0 0 0 0 0 0 0 0 0 0 0 0 0 0 0 0 0 0.047619 0 0.0119048 0 0.0119048 0 0 0 0 0 0 0 0 0 0 0 0 0 0 0 0 0 0 0 0 0 0 0 0 0 0 0 0 0 0 0 0 0 0 0 0 0 0 0 0 0 0 0 0 0 0 0 0 0 0 0 0 0 0 0 0 0 0 0 0 0 0 0 0 0 0 0 0 0 0 0 0 0 0 0 0 0 0 0 0 0 0 0 0 0 0 0 0 0 0 0 0 0 0 0 0 0 0 0 0 0 0 0 0 0 0 0 0 0 0 0 0 0 0 0 0 0 0 0 0 0 0 0 0 0 0 0 0 0 0 0 0 0 0 0 0 0 0 0 0 0 0 0 0 0 0 0 0 0 0 0 0 0 0 0 0 0 0 0 0 0 0 0 0 
Direction
42 42 
0.5 0.5 
Offset
80 4 84 0 55 29 3 81 2 82 2 82 2 82 2 82 2 82 81 3 34 50 82 2 70 14 62 22 62 22 51 33 40 44 82 2 26 58 82 2 26 58 82 2 82 2 82 2 80 4 82 2 82 2 82 2 24 60 67 17 62 22 62 22 82 2 69 15 68 16 82 2 13 71 10 74 82 2 69 15 58 26 70 14 74 10 63 21 35 49 68 16 77 7 74 10 73 11 30 54 69 15 68 16 69 15 69 15 68 16 66 18 66 18 59 25 68 16 70 14 65 19 68 16 74 10 68 16 59 25 60 24 59 25 64 20 1 83 65 19 36 48 55 29 13 71 59 25 50 34 65 19 34 50 47 37 42 42 48 36 19 65 40 44 19 65 34 50 24 60 39 45 31 53 37 47 25 59 41 43 41 43 46 38 16 68 43 41 35 49 41 43 19 65 51 33 33 51 47 37 31 53 46 38 38 46 47 37 29 55 41 43 27 57 41 43 32 52 27 57 19 65 24 60 17 67 34 50 26 58 40 44 29 55 36 48 39 45 47 37 45 39 35 49 55 29 48 36 33 51 50 34 38 46 52 32 0 
0.00744048 0.000372024 0.0078125 0 0.00511533 0.00269717 0.000279018 0.00753348 0.000186012 0.00762649 0.000186012 0.00762649 0.000186012 0.00762649 0.000186012 0.00762649 0.000186012 0.00762649 0.00753348 0.000279018 0.0031622 0.0046503 0.00762649 0.000186012 0.00651042 0.00130208 0.00576637 0.00204613 0.00576637 0.00204613 0.0047433 0.0030692 0.00372024 0.00409226 0.00762649 0.000186012 0.00241815 0.00539435 0.00762649 0.000186012 0.00241815 0.00539435 0.00762649 0.000186012 0.00762649 0.000186012 0.00762649 0.000186012 0.00744048 0.000372024 0.00762649 0.000186012 0.00762649 0.000186012 0.00762649 0.000186012 0.00223214 0.00558036 0.0062314 0.0015811 0.00576637 0.00204613 0.00576637 0.00204613 0.00762649 0.000186012 0.00641741 0.00139509 0.0063244 0.0014881 0.00762649 0.000186012 0.00120908 0.00660342 0.00093006 0.00688244 0.00762649 0.000186012 0.00641741 0.00139509 0.00539435 0.00241815 0.00651042 0.00130208 0.00688244 0.00093006 0.00585938 0.00195312 0.00325521 0.00455729 0.0063244 0.0014881 0.00716146 0.000651042 0.00688244 0.00093006 0.00678943 0.00102307 0.00279018 0.00502232 0.00641741 0.00139509 0.0063244 0.0014881 0.00641741 0.00139509 0.00641741 0.00139509 0.0063244 0.0014881 0.00613839 0.00167411 0.00613839 0.00167411 0.00548735 0.00232515 0.0063244 0.0014881 0.00651042 0.00130208 0.00604539 0.00176711 0.0063244 0.0014881 0.00688244 0.00093006 0.0063244 0.0014881 0.00548735 0.00232515 0.00558036 0.00223214 0.00548735 0.00232515 0.00595238 0.00186012 9.3006e-05 0.00771949 0.00604539 0.00176711 0.00334821 0.00446429 0.00511533 0.00269717 0.00120908 0.00660342 0.00548735 0.00232515 0.0046503 0.0031622 0.00604539 0.00176711 0.0031622 0.0046503 0.00437128 0.00344122 0.00390625 0.00390625 0.00446429 0.00334821 0.00176711 0.00604539 0.00372024 0.00409226 0.00176711 0.00604539 0.0031622 0.0046503 0.00223214 0.00558036 0.00362723 0.00418527 0.00288318 0.00492932 0.00344122 0.00437128 0.00232515 0.00548735 0.00381324 0.00399926 0.00381324 0.00399926 0.00427827 0.00353423 0.0014881 0.0063244 0.00399926 0.00381324 0.00325521 0.00455729 0.00381324 0.00399926 0.00176711 0.00604539 0.0047433 0.0030692 0.0030692 0.0047433 0.00437128 0.00344122 0.00288318 0.00492932 0.00427827 0.00353423 0.00353423 0.00427827 0.00437128 0.00344122 0.00269717 0.00511533 0.00381324 0.00399926 0.00251116 0.00530134 0.00381324 0.00399926 0.00297619 0.00483631 0.00251116 0.00530134 0.00176711 0.00604539 0.00223214 0.00558036 0.0015811 0.0062314 0.0031622 0.0046503 0.00241815 0.00539435 0.00372024 0.00409226 0.00269717 0.00511533 0.00334821 0.00446429 0.00362723 0.00418527 0.00437128 0.00344122 0.00418527 0.00362723 0.00325521 0.00455729 0.00511533 0.00269717 0.00446429 0.00334821 0.0030692 0.0047433 0.0046503 0.0031622 0.00353423 0.00427827 0.00483631 0.00297619 0 
DirNumSize
0 0 0 0 0 0 0 0 1 0 0 0 0 0 1 0 0 0 1 0 0 0 3 0 1 1 0 1 0 1 0 1 0 0 0 0 0 1 0 0 1 0 0 0 1 1 0 0 0 0 1 1 0 0 0 0 1 1 0 0 1 0 1 1 0 0 2 0 0 0 1 1 1 0 1 0 0 0 2 2 0 1 0 1 1 0 1 0 1 0 0 0 2 0 1 0 0 0 0 0 0 0 1 0 0 1 0 0 0 0 0 0 0 0 0 0 0 0 0 0 0 0 0 0 0 0 0 0 0 0 0 0 1 0 0 0 0 0 1 0 0 0 0 0 0 0 0 0 0 0 0 0 1 0 0 1 0 0 2 1 1 0 0 1 0 1 0 0 1 2 0 0 0 0 0 1 0 0 0 0 0 1 0 0 0 1 0 2 0 1 0 0 0 1 0 2 0 0 0 1 0 1 0 0 0 1 2 1 0 0 0 1 0 1 2 1 0 1 1 1 0 1 0 1 0 0 1 0 1 1 0 0 0 0 0 0 0 0 0 0 0 1 0 0 0 0 0 0 0 0 0 0 0 0 0 0 0 0 0 0 
0 0 0 0 0 0 0 0 0.0119048 0 0 0 0 0 0.0119048 0 0 0 0.0119048 0 0 0 0.0357143 0 0.0119048 0.0119048 0 0.0119048 0 0.0119048 0 0.0119048 0 0 0 0 0 0.0119048 0 0 0.0119048 0 0 0 0.0119048 0.0119048 0 0 0 0 0.0119048 0.0119048 0 0 0 0 0.0119048 0.0119048 0 0 0.0119048 0 0.0119048 0.0119048 0 0 0.0238095 0 0 0 0.0119048 0.0119048 0.0119048 0 0.0119048 0 0 0 0.0238095 0.0238095 0 0.0119048 0 0.0119048 0.0119048 0 0.0119048 0 0.0119048 0 0 0 0.0238095 0 0.0119048 0 0 0 0 0 0 0 0.0119048 0 0 0.0119048 0 0 0 0 0 0 0 0 0 0 0 0 0 0 0 0 0 0 0 0 0 0 0 0 0 0 0.0119048 0 0 0 0 0 0.0119048 0 0 0 0 0 0 0 0 0 0 0 0 0 0.0119048 0 0 0.0119048 0 0 0.0238095 0.0119048 0.0119048 0 0 0.0119048 0 0.0119048 0 0 0.0119048 0.0238095 0 0 0 0 0 0.0119048 0 0 0 0 0 0.0119048 0 0 0 0.0119048 0 0.0238095 0 0.0119048 0 0 0 0.0119048 0 0.0238095 0 0 0 0.0119048 0 0.0119048 0 0 0 0.0119048 0.0238095 0.0119048 0 0 0 0.0119048 0 0.0119048 0.0238095 0.0119048 0 0.0119048 0.0119048 0.0119048 0 0.0119048 0 0.0119048 0 0 0.0119048 0 0.0119048 0.0119048 0 0 0 0 0 0 0 0 0 0 0 0.0119048 0 0 0 0 0 0 0 0 0 0 0 0 0 0 0 0 0 0 
DirFreq
9491 271 628 61 192 36 159 15 159 13 83 9 174 3 53 25 133 28 40 11 83 22 22 2 60 16 61 3 14 19 70 18 86 12 37 3 18 4 38 16 20 23 35 22 18 46 68 12 139 98 72 22 18 7 30 24 13 27 16 6 79 4 41 29 128 104 114 40 57 78 103 27 30 8 37 48 50 106 125 56 78 27 21 119 70 33 80 22 48 0 53 8 34 10 9 4 195 8 76 10 14 12 44 6 15 24 15 7 18 13 45 22 54 9 37 29 28 16 44 15 47 2 8 5 14 3 12 13 85 10 93 3 46 14 21 9 54 3 93 4 36 6 28 2 11 3 26 11 33 1 63 8 12 3 76 5 61 4 67 4 113 11 56 9 26 3 173 5 109 19 63 9 76 15 21 1 39 2 15 9 18 2 14 5 35 1 9 4 4 3 6 10 49 1 8 3 37 4 49 3 37 3 80 2 10 1 52 3 8 3 98 5 5 4 30 5 30 7 16 2 114 2 34 10 24 7 21 5 31 2 21 4 37 4 30 4 17 4 10 3 35 6 32 0 13 5 11 3 10 3 9 2 12 9 84 91 73 0 19 0 118 0 4 0 33 0 17 0 2 0 18 0 7 0 1 0 16 0 3 0 11 0 4 0 2 0 4 0 2 0 7 0 9 0 4 0 0 0 9 0 12 0 4 0 37 0 3 0 4 0 8 0 9 0 3 0 0 0 2 0 49 0 27 0 22 0 13 0 2 0 9 0 5 0 27 0 4 0 10 0 4 0 5 0 7 0 3 0 13 0 12 0 2 0 4 0 48 0 5 0 4 0 5 0 4 0 8 0 6 0 3 0 4 0 1 0 3 0 6 0 6 0 7 0 28 0 2 0 2 0 26 0 2 0 0 0 3 0 13 0 14 0 3 0 39 0 3 0 23 0 4 0 2 0 3 0 8 0 2 0 31 0 4 0 6 0 6 0 3 0 6 0 1 0 2 0 3 0 4 0 3 0 9 0 3 0 6 0 3 0 4 0 11 0 26 0 5 0 2 0 3 0 2 0 6 0 3 0 28 0 6 0 26 0 1 0 10 0 3 0 2 0 9 0 5 0 11 0 7 0 2 0 5 0 1 0 4 0 34 0 10 0 19 0 9 0 6 0 70 0 80 0 
0.471298 0.0134571 0.0311848 0.0030291 0.00953421 0.00178767 0.00789552 0.00074486 0.00789552 0.000645546 0.00412156 0.000446916 0.00864038 0.000148972 0.00263184 0.00124143 0.00660443 0.00139041 0.00198629 0.000546231 0.00412156 0.00109246 0.00109246 9.93147e-05 0.00297944 0.000794518 0.0030291 0.000148972 0.000695203 0.00094349 0.00347602 0.000893833 0.00427053 0.000595888 0.00183732 0.000148972 0.000893833 0.000198629 0.00188698 0.000794518 0.000993147 0.00114212 0.00173801 0.00109246 0.000893833 0.00228424 0.0033767 0.000595888 0.00690237 0.00486642 0.00357533 0.00109246 0.000893833 0.000347602 0.00148972 0.00119178 0.000645546 0.00134075 0.000794518 0.000297944 0.00392293 0.000198629 0.00203595 0.00144006 0.00635614 0.00516437 0.00566094 0.00198629 0.00283047 0.00387327 0.00511471 0.00134075 0.00148972 0.000397259 0.00183732 0.00238355 0.00248287 0.00526368 0.00620717 0.00278081 0.00387327 0.00134075 0.0010428 0.00590923 0.00347602 0.00163869 0.00397259 0.00109246 0.00238355 0 0.00263184 0.000397259 0.00168835 0.000496574 0.000446916 0.000198629 0.00968319 0.000397259 0.00377396 0.000496574 0.000695203 0.000595888 0.00218492 0.000297944 0.00074486 0.00119178 0.00074486 0.000347602 0.000893833 0.000645546 0.00223458 0.00109246 0.0026815 0.000446916 0.00183732 0.00144006 0.00139041 0.000794518 0.00218492 0.00074486 0.0023339 9.93147e-05 0.000397259 0.000248287 0.000695203 0.000148972 0.000595888 0.000645546 0.00422088 0.000496574 0.00461813 0.000148972 0.00228424 0.000695203 0.0010428 0.000446916 0.0026815 0.000148972 0.00461813 0.000198629 0.00178767 0.000297944 0.00139041 9.93147e-05 0.000546231 0.000148972 0.00129109 0.000546231 0.00163869 4.96574e-05 0.00312841 0.000397259 0.000595888 0.000148972 0.00377396 0.000248287 0.0030291 0.000198629 0.00332704 0.000198629 0.00561128 0.000546231 0.00278081 0.000446916 0.00129109 0.000148972 0.00859072 0.000248287 0.00541265 0.00094349 0.00312841 0.000446916 0.00377396 0.00074486 0.0010428 4.96574e-05 0.00193664 9.93147e-05 0.00074486 0.000446916 0.000893833 9.93147e-05 0.000695203 0.000248287 0.00173801 4.96574e-05 0.000446916 0.000198629 0.000198629 0.000148972 0.000297944 0.000496574 0.00243321 4.96574e-05 0.000397259 0.000148972 0.00183732 0.000198629 0.00243321 0.000148972 0.00183732 0.000148972 0.00397259 9.93147e-05 0.000496574 4.96574e-05 0.00258218 0.000148972 0.000397259 0.000148972 0.00486642 0.000248287 0.000248287 0.000198629 0.00148972 0.000248287 0.00148972 0.000347602 0.000794518 9.93147e-05 0.00566094 9.93147e-05 0.00168835 0.000496574 0.00119178 0.000347602 0.0010428 0.000248287 0.00153938 9.93147e-05 0.0010428 0.000198629 0.00183732 0.000198629 0.00148972 0.000198629 0.000844175 0.000198629 0.000496574 0.000148972 0.00173801 0.000297944 0.00158904 0 0.000645546 0.000248287 0.000546231 0.000148972 0.000496574 0.000148972 0.000446916 9.93147e-05 0.000595888 0.000446916 0.00417122 0.00451882 0.00362499 0 0.00094349 0 0.00585957 0 0.000198629 0 0.00163869 0 0.000844175 0 9.93147e-05 0 0.000893833 0 0.000347602 0 4.96574e-05 0 0.000794518 0 0.000148972 0 0.000546231 0 0.000198629 0 9.93147e-05 0 0.000198629 0 9.93147e-05 0 0.000347602 0 0.000446916 0 0.000198629 0 0 0 0.000446916 0 0.000595888 0 0.000198629 0 0.00183732 0 0.000148972 0 0.000198629 0 0.000397259 0 0.000446916 0 0.000148972 0 0 0 9.93147e-05 0 0.00243321 0 0.00134075 0 0.00109246 0 0.000645546 0 9.93147e-05 0 0.000446916 0 0.000248287 0 0.00134075 0 0.000198629 0 0.000496574 0 0.000198629 0 0.000248287 0 0.000347602 0 0.000148972 0 0.000645546 0 0.000595888 0 9.93147e-05 0 0.000198629 0 0.00238355 0 0.000248287 0 0.000198629 0 0.000248287 0 0.000198629 0 0.000397259 0 0.000297944 0 0.000148972 0 0.000198629 0 4.96574e-05 0 0.000148972 0 0.000297944 0 0.000297944 0 0.000347602 0 0.00139041 0 9.93147e-05 0 9.93147e-05 0 0.00129109 0 9.93147e-05 0 0 0 0.000148972 0 0.000645546 0 0.000695203 0 0.000148972 0 0.00193664 0 0.000148972 0 0.00114212 0 0.000198629 0 9.93147e-05 0 0.000148972 0 0.000397259 0 9.93147e-05 0 0.00153938 0 0.000198629 0 0.000297944 0 0.000297944 0 0.000148972 0 0.000297944 0 4.96574e-05 0 9.93147e-05 0 0.000148972 0 0.000198629 0 0.000148972 0 0.000446916 0 0.000148972 0 0.000297944 0 0.000148972 0 0.000198629 0 0.000546231 0 0.00129109 0 0.000248287 0 9.93147e-05 0 0.000148972 0 9.93147e-05 0 0.000297944 0 0.000148972 0 0.00139041 0 0.000297944 0 0.00129109 0 4.96574e-05 0 0.000496574 0 0.000148972 0 9.93147e-05 0 0.000446916 0 0.000248287 0 0.000546231 0 0.000347602 0 9.93147e-05 0 0.000248287 0 4.96574e-05 0 0.000198629 0 0.00168835 0 0.000496574 0 0.00094349 0 0.000446916 0 0.000297944 0 0.00347602 0 0.00397259 0 
